function par=planetparameters
%par=[0.64171e24,3389.5e3];
%par=[1.989e30,695700e3];
par=[1988500e24,695700e3]